230 
238 
246 
254 
262 
270 
278 
287 
296 
305 
314 
323 
332 
341 
350 
360 
370 
380 
390 
400 
411 
422 
433 
444 
455 
467 
479 
491 
503 
516 
529 
542 
556 
570 
584 
599 
614 
629 
645 
661 
677 
694 
711 
729 
747 
766 
785 
805 
825 
846 
867 
889 
912 
935 
959 
984 
1009 
1035 
1062 
1090 
1118 
1147 
1177 
1208 
1240 
1273 
1307 
1342 
1378 
1415 
1454 
1494 
1535 
1578 
1622 
1667 
1714 
1763 
1813 
1865 
1919 
1975 
2032 
2091 
2152 
2216 
2282 
2350 
2421 
2494 
2570 
2649 
2730 
2814 
2901 
2992 
3086 
3183 
3284 
3389 
3500 
