250 
258 
266 
274 
282 
291 
300 
309 
318 
327 
336 
345 
355 
365 
375 
385 
395 
405 
416 
427 
438 
449 
461 
473 
485 
497 
510 
523 
536 
549 
563 
577 
591 
606 
621 
636 
652 
668 
685 
702 
719 
737 
755 
774 
793 
813 
833 
854 
876 
898 
921 
944 
968 
993 
1019 
1045 
1072 
1100 
1129 
1159 
1190 
1222 
1255 
1289 
1324 
1360 
1397 
1435 
1474 
1515 
1557 
1600 
1645 
1691 
1739 
1788 
1839 
1892 
1947 
2003 
2061 
2121 
2184 
2249 
2316 
2385 
2457 
2531 
2608 
2688 
2771 
2857 
2946 
3038 
3134 
3233 
3336 
3500 
